0 1 0 0 10 10
0 1 0 0 10 22
0 2 0 11 5 20
-1 0 0 0 5 36
-1 0 0 2 5 36
-1 0 0 4 5 36
-1 0 0 6 5 36
-1 0 0 8 5 36
-1 0 0 10 5 36
-1 0 0 12 5 36
-1 0 0 14 5 36
-1 0 0 16 5 36
-1 0 0 18 5 36
-1 0 0 0 5 38
-1 0 0 2 5 38
-1 0 0 4 5 38
-1 0 0 6 5 38
-1 0 0 8 5 38
-1 0 0 10 5 38
-1 0 0 12 5 38
-1 0 0 14 5 38
-1 0 0 16 5 38
-1 0 0 18 5 38
-1 0 0 0 5 40
-1 0 0 2 5 40
-1 0 0 4 5 40
-1 0 0 6 5 40
-1 0 0 8 5 40
-1 0 0 10 5 40
-1 0 0 12 5 40
-1 0 0 14 5 40
-1 0 0 16 5 40
-1 0 0 18 5 40
-1 0 0 0 5 42
-1 0 0 2 5 42
-1 0 0 4 5 42
-1 0 0 6 5 42
-1 0 0 8 5 42
-1 0 0 10 5 42
-1 0 0 12 5 42
-1 0 0 14 5 42
-1 0 0 16 5 42
-1 0 0 18 5 42
-1 0 0 0 5 44
-1 0 0 2 5 44
-1 0 0 4 5 44
-1 0 0 6 5 44
-1 0 0 8 5 44
-1 0 0 10 5 44
-1 0 0 12 5 44
-1 0 0 14 5 44
-1 0 0 16 5 44
-1 0 0 18 5 44
-1 0 0 0 5 46
-1 0 0 2 5 46
-1 0 0 4 5 46
-1 0 0 6 5 46
-1 0 0 8 5 46
-1 0 0 10 5 46
-1 0 0 12 5 46
-1 0 0 14 5 46
-1 0 0 16 5 46
-1 0 0 18 5 46
-1 0 0 0 5 48
-1 0 0 2 5 48
-1 0 0 4 5 48
-1 0 0 6 5 48
-1 0 0 8 5 48
-1 0 0 10 5 48
-1 0 0 12 5 48
-1 0 0 14 5 48
-1 0 0 16 5 48
-1 0 0 18 5 48
-1 0 0 0 5 50
-1 0 0 2 5 50
-1 0 0 4 5 50
-1 0 0 6 5 50
-1 0 0 8 5 50
-1 0 0 10 5 50
-1 0 0 12 5 50
-1 0 0 14 5 50
-1 0 0 16 5 50
-1 0 0 18 5 50
0 0 0 7 20 28
0 0 0 9 20 28
0 0 0 11 20 28